1 0.619068 0.632654 0.234283 0.317155
3 0.821870 0.425658 0.022367 0.063503
3 0.797346 0.419108 0.021189 0.060297
3 0.782449 0.390308 0.031414 0.074034
3 0.759088 0.380520 0.028648 0.067580
1 0.394621 0.456667 0.221824 0.264501
3 0.962643 0.355138 0.019057 0.053461
3 0.983899 0.358779 0.026383 0.060743
3 0.870605 0.448684 0.026086 0.068025
3 0.913545 0.472059 0.024037 0.069851
3 0.933484 0.476019 0.021107 0.059512
3 0.957664 0.476019 0.023156 0.069236
1 0.130845 0.253259 0.202408 0.217898
1 0.858955 0.808705 0.252254 0.331253
