0 0.580232 0.152801 0.032810 0.058511
0 0.608141 0.321835 0.036929 0.061602
0 0.705931 0.154608 0.031882 0.060170
0 0.871335 0.251409 0.074922 0.111068
0 0.959752 0.254312 0.074917 0.110239
0 0.891457 0.579278 0.081350 0.131807
0 0.905013 0.734375 0.077565 0.141841
0 0.683564 0.808159 0.078389 0.148295
0 0.926051 0.917943 0.080527 0.137182
0 0.671241 0.632466 0.062941 0.132886
0 0.380487 0.645602 0.040620 0.079591
0 0.387375 0.463915 0.041330 0.064648
0 0.391423 0.382148 0.037779 0.064114
0 0.454885 0.152159 0.033806 0.073409
0 0.538686 0.149557 0.031814 0.069341
